Lat	35.04
Lon	-106.62
Alt	1619

yy	mm	dd	HH	MM	ss	datenum	Sun_Azimuth	ApparentSunEl	
2018	1	1	10	0	0	737061.4166666666	147.0883238063749	24.33946561220313
2018	1	2	10	0	0	737062.4166666666	146.9375579645566	24.36577957078567
2018	1	3	10	0	0	737063.4166666666	146.7839174680186	24.3990918130445
2018	1	4	10	0	0	737064.4166666666	146.627494079378	24.43940408775378
2018	1	5	10	0	0	737065.4166666666	146.4683787553051	24.48671455706533
2018	1	6	10	0	0	737066.4166666666	146.3066615470273	24.54101779659923
2018	1	7	10	0	0	737067.4166666666	146.1424315016078	24.60230479908275
2018	1	8	10	0	0	737068.4166666666	145.9757765638488	24.67056298135805
2018	1	9	10	0	0	737069.4166666666	145.8067834792978	24.74577619485504
2018	1	10	10	0	0	737070.4166666666	145.6355376984089	24.82792473941957
2018	1	11	10	0	0	737071.4166666666	145.462123282071	24.91698538045734
2018	1	12	10	0	0	737072.4166666666	145.2866228085961	25.0129313692958
2018	1	13	10	0	0	737073.4166666666	145.109117282576	25.11573246680422
2018	1	14	10	0	0	737074.4166666666	144.9296860454993	25.22535497006719
2018	1	15	10	0	0	737075.4166666666	144.7484066884966	25.3417617421076
2018	1	16	10	0	0	737076.4166666666	144.56535496721	25.46491224453633
2018	1	17	10	0	0	737077.4166666666	144.3806047191941	25.59476257308755
2018	1	18	10	0	0	737078.4166666666	144.1942277835309	25.73126549580026
2018	1	19	10	0	0	737079.4166666666	144.0062939233585	25.87437049393064
2018	1	20	10	0	0	737080.4166666666	143.8168707508825	26.02402380527218
2018	1	21	10	0	0	737081.4166666666	143.6260236554433	26.18016846995509
2018	1	22	10	0	0	737082.4166666666	143.4338157344153	26.34274437844365
2018	1	23	10	0	0	737083.4166666666	143.240307727177	26.51168832169872
2018	1	24	10	0	0	737084.4166666666	143.0455579521734	26.68693404330556
2018	1	25	10	0	0	737085.4166666666	142.8496222473066	26.86841229353272
2018	1	26	10	0	0	737086.4166666666	142.6525539133226	27.05605088500424
2018	1	27	10	0	0	737087.4166666666	142.4544036608382	27.24977475008027
2018	1	28	10	0	0	737088.4166666666	142.2552195603951	27.44950599955236
2018	1	29	10	0	0	737089.4166666666	142.0550469961801	27.6551639827522
2018	1	30	10	0	0	737090.4166666666	141.8539286229583	27.86666534871256
2018	1	31	10	0	0	737091.4166666666	141.6519043265217	28.08392410839475
2018	2	1	10	0	0	737092.4166666666	141.449011187659	28.30685169778812
2018	2	2	10	0	0	737093.4166666666	141.2452834494246	28.53535704170176
2018	2	3	10	0	0	737094.4166666666	141.0407524879955	28.76934661818087
2018	2	4	10	0	0	737095.4166666666	140.8354467868788	29.00872452335421
2018	2	5	10	0	0	737096.4166666666	140.6293919147036	29.25339253664382
2018	2	6	10	0	0	737097.4166666666	140.42261050623	29.50325018610399
2018	2	7	10	0	0	737098.4166666666	140.2151222469901	29.75819481391525
2018	2	8	10	0	0	737099.4166666666	140.0069438612098	30.01812164177588
2018	2	9	10	0	0	737100.4166666666	139.7980891030274	30.28292383611407
2018	2	10	10	0	0	737101.4166666666	139.5885687513519	30.55249257311505
2018	2	11	10	0	0	737102.4166666666	139.3783906077472	30.82671710327758
2018	2	12	10	0	0	737103.4166666666	139.1675594978358	31.10548481556206
2018	2	13	10	0	0	737104.4166666666	138.9560772759301	31.3886813009325
2018	2	14	10	0	0	737105.4166666666	138.7439428330233	31.67619041527952
2018	2	15	10	0	0	737106.4166666666	138.5311521080579	31.96789434162157
2018	2	16	10	0	0	737107.4166666666	138.3176981024782	32.26367365148378
2018	2	17	10	0	0	737108.4166666666	138.1035708980154	32.56340736541162
2018	2	18	10	0	0	737109.4166666666	137.8887576779568	32.8669730125978
2018	2	19	10	0	0	737110.4166666666	137.6732427515748	33.17424668952513
2018	2	20	10	0	0	737111.4166666666	137.4570075820496	33.4851031175906
2018	2	21	10	0	0	737112.4166666666	137.240030817638	33.79941569969738
2018	2	22	10	0	0	737113.4166666666	137.0222883263603	34.11705657572237
2018	2	23	10	0	0	737114.4166666666	136.803753234351	34.43789667702824
2018	2	24	10	0	0	737115.4166666666	136.5843959674011	34.76180577968792
2018	2	25	10	0	0	737116.4166666666	136.3641842965663	35.08865255676116
2018	2	26	10	0	0	737117.4166666666	136.1430833872069	35.41830462935476
2018	2	27	10	0	0	737118.4166666666	135.9210558520494	35.75062861666382
2018	2	28	10	0	0	737119.4166666666	135.6980618081279	36.08549018488988
2018	3	1	10	0	0	737120.4166666666	135.4740589379693	36.42275409517264
2018	3	2	10	0	0	737121.4166666666	135.2490025548519	36.76228425041382
2018	3	3	10	0	0	737122.4166666666	135.022845672606	37.10394374123445
2018	3	4	10	0	0	737123.4166666666	134.7955390800072	37.44759489094127
2018	3	5	10	0	0	737124.4166666666	134.5670314199444	37.79309929967012
2018	3	6	10	0	0	737125.4166666666	134.3372692735915	38.14031788770976
2018	3	7	10	0	0	737126.4166666666	134.106197249811	38.4891109381051
2018	3	8	10	0	0	737127.4166666666	133.8737580800228	38.83933813861329
2018	3	9	10	0	0	737128.4166666666	133.6398927188654	39.19085862313825
2018	3	10	10	0	0	737129.4166666666	133.4045404507123	39.54353101264433
2018	3	11	10	0	0	737130.4166666666	133.167639002569	39.89721345573933
2018	3	12	10	0	0	737131.4166666666	132.9291246636164	40.25176366906538
2018	3	13	10	0	0	737132.4166666666	132.6889324113038	40.60703897742951
2018	3	14	10	0	0	737133.4166666666	132.4469960450754	40.96289635407671
2018	3	15	10	0	0	737134.4166666666	132.2032483272286	41.31919246096293
2018	3	16	10	0	0	737135.4166666666	131.9576211318738	41.67578368939685
2018	3	17	10	0	0	737136.4166666666	131.7100456018676	42.03252620100031
2018	3	18	10	0	0	737137.4166666666	131.4604523144959	42.38927596932526
2018	3	19	10	0	0	737138.4166666666	131.2087714557063	42.74588882206791
2018	3	20	10	0	0	737139.4166666666	130.9549330038854	43.10222048433358
2018	3	21	10	0	0	737140.4166666666	130.6988669228489	43.45812662280888
2018	3	22	10	0	0	737141.4166666666	130.4405033649036	43.81346289125906
2018	3	23	10	0	0	737142.4166666666	130.1797728837892	44.16808497738628
2018	3	24	10	0	0	737143.4166666666	129.9166066583647	44.52184865134299
2018	3	25	10	0	0	737144.4166666666	129.6509367267087	44.87460981599394
2018	3	26	10	0	0	737145.4166666666	129.3826962313368	45.22622455919353
2018	3	27	10	0	0	737146.4166666666	129.1118196753494	45.57654920819646
2018	3	28	10	0	0	737147.4166666666	128.8382431900525	45.92544038651821
2018	3	29	10	0	0	737148.4166666666	128.5619048138329	46.27275507331765
2018	3	30	10	0	0	737149.4166666666	128.2827447825207	46.61835066558198
2018	3	31	10	0	0	737150.4166666666	128.0007058311852	46.96208504326422
2018	4	1	10	0	0	737151.4166666666	127.7157335072177	47.30381663760501
2018	4	2	10	0	0	737152.4166666666	127.4277764947554	47.64340450281998
2018	4	3	10	0	0	737153.4166666666	127.1367869499164	47.98070839130249
2018	4	4	10	0	0	737154.4166666666	126.8427208466744	48.31558883253856
2018	4	5	10	0	0	737155.4166666666	126.5455383329786	48.64790721593172
2018	4	6	10	0	0	737156.4166666666	126.2452040963703	48.97752587765367
2018	4	7	10	0	0	737157.4166666666	125.9416877386124	49.30430819164573
2018	4	8	10	0	0	737158.4166666666	125.6349641584723	49.62811866499374
2018	4	9	10	0	0	737159.4166666666	125.3250139414441	49.94882303756954
2018	4	10	10	0	0	737160.4166666666	125.011823755868	50.26628838631809
2018	4	11	10	0	0	737161.4166666666	124.6953867536622	50.58038323400186
2018	4	12	10	0	0	737162.4166666666	124.3757029744578	50.89097766251736
2018	4	13	10	0	0	737163.4166666666	124.0527797516962	51.1979434308271
2018	4	14	10	0	0	737164.4166666666	123.7266321187143	51.50115409743295
2018	4	15	10	0	0	737165.4166666666	123.397283213099	51.80048514730007
2018	4	16	10	0	0	737166.4166666666	123.0647646770251	52.09581412317208
2018	4	17	10	0	0	737167.4166666666	122.7291170515452	52.38702076108954
2018	4	18	10	0	0	737168.4166666666	122.390390162323	52.67398712995328
2018	4	19	10	0	0	737169.4166666666	122.0486434941688	52.95659777485947
2018	4	20	10	0	0	737170.4166666666	121.7039465517948	53.23473986390506
2018	4	21	10	0	0	737171.4166666666	121.3563792037706	53.50830333812515
2018	4	22	10	0	0	737172.4166666666	121.0060320069883	53.77718106423376
2018	4	23	10	0	0	737173.4166666666	120.6530065082898	54.04126898960565
2018	4	24	10	0	0	737174.4166666666	120.2974155202511	54.3004662990246
2018	4	25	10	0	0	737175.4166666666	119.9393833678481	54.55467557263866
2018	4	26	10	0	0	737176.4166666666	119.5790461030675	54.80380294457162
2018	4	27	10	0	0	737177.4166666666	119.2165516837863	55.04775826134638
2018	4	28	10	0	0	737178.4166666666	118.8520601143485	55.28645523957959
2018	4	29	10	0	0	737179.4166666666	118.4857435441719	55.5198116219687
2018	4	30	10	0	0	737180.4166666666	118.1177863220227	55.74774933095329
2018	5	1	10	0	0	737181.4166666666	117.7483850028212	55.97019461902588
2018	5	2	10	0	0	737182.4166666666	117.3777483045077	56.18707821480521
2018	5	3	10	0	0	737183.4166666666	117.0060970128403	56.39833546403975
2018	5	4	10	0	0	737184.4166666666	116.6336638318304	56.60390646440601
2018	5	5	10	0	0	737185.4166666666	116.2606931786109	56.80373619333794
2018	5	6	10	0	0	737186.4166666666	115.887440920915	56.99777462765143
2018	5	7	10	0	0	737187.4166666666	115.5141740568331	57.18597685421069
2018	5	8	10	0	0	737188.4166666666	115.1411703361995	57.36830317050895
2018	5	9	10	0	0	737189.4166666666	114.7687178237219	57.54471917428248
2018	5	10	10	0	0	737190.4166666666	114.3971144046882	57.71519584127232
2018	5	11	10	0	0	737191.4166666666	114.0266672339196	57.87970959009368
2018	5	12	10	0	0	737192.4166666666	113.6576921302474	58.03824233363365
2018	5	13	10	0	0	737193.4166666666	113.2905129182605	58.19078151603462
2018	5	14	10	0	0	737194.4166666666	112.9254607202862	58.33732013467613
2018	5	15	10	0	0	737195.4166666666	112.5628732018852	58.47785674652853
2018	5	16	10	0	0	737196.4166666666	112.2030937744461	58.61239545836563
2018	5	17	10	0	0	737197.4166666666	111.8464707593573	58.74094590047506
2018	5	18	10	0	0	737198.4166666666	111.4933565182887	58.86352318358831
2018	5	19	10	0	0	737199.4166666666	111.1441065547327	58.98014783886315
2018	5	20	10	0	0	737200.4166666666	110.7990785916992	59.0908457406372
2018	5	21	10	0	0	737201.4166666666	110.458631632151	59.19564801253305
2018	5	22	10	0	0	737202.4166666666	110.1231250069648	59.29459091653951
2018	5	23	10	0	0	737203.4166666666	109.7929174170955	59.38771572577158
2018	5	24	10	0	0	737204.4166666666	109.4683659756926	59.47506858117764
2018	5	25	10	0	0	737205.4166666666	109.149825256134	59.55670033278631
2018	5	26	10	0	0	737206.4166666666	108.8376463522065	59.63266636623297
2018	5	27	10	0	0	737207.4166666666	108.5321759556759	59.70302641511885
2018	5	28	10	0	0	737208.4166666666	108.2337554575115	59.76784436044785
2018	5	29	10	0	0	737209.4166666666	107.9427200772811	59.8271880176741
2018	5	30	10	0	0	737210.4166666666	107.6593980262692	59.88112891278006
2018	5	31	10	0	0	737211.4166666666	107.3841097084158	59.92974204822045
2018	6	1	10	0	0	737212.4166666666	107.1171669633745	59.97310566003958
2018	6	2	10	0	0	737213.4166666666	106.8588723552284	60.01130096733585
2018	6	3	10	0	0	737214.4166666666	106.6095185101348	60.04441191539578
2018	6	4	10	0	0	737215.4166666666	106.369387504994	60.07252491347604
2018	6	5	10	0	0	737216.4166666666	106.1387503098942	60.09572856893733
2018	6	6	10	0	0	737217.4166666666	105.9178662851767	60.11411341857848
2018	6	7	10	0	0	737218.4166666666	105.7069827346082	60.12777165875926
2018	6	8	10	0	0	737219.4166666666	105.5063345146883	60.13679687524062
2018	6	9	10	0	0	737220.4166666666	105.3161437003431	60.14128377414475
2018	6	10	10	0	0	737221.4166666666	105.1366193063169	60.14132791506326
2018	6	11	10	0	0	737222.4166666666	104.9679570634135	60.13702544748141
2018	6	12	10	0	0	737223.4166666666	104.8103392480636	60.12847285145876
2018	6	13	10	0	0	737224.4166666666	104.6639345636307	60.11576668362578
2018	6	14	10	0	0	737225.4166666666	104.5288980711451	60.09900332923652
2018	6	15	10	0	0	737226.4166666666	104.4053711675134	60.07827876139756
2018	6	16	10	0	0	737227.4166666666	104.2934816081341	60.05368830785921
2018	6	17	10	0	0	737228.4166666666	104.1933435715008	60.02532642632946
2018	6	18	10	0	0	737229.4166666666	104.105057762552	59.99328648867058
2018	6	19	10	0	0	737230.4166666666	104.0287115521074	59.95766057481775
2018	6	20	10	0	0	737231.4166666666	103.9643791487824	59.91853927645557
2018	6	21	10	0	0	737232.4166666666	103.9121218006858	59.87601151120757
2018	6	22	10	0	0	737233.4166666666	103.8719880233475	59.83016434729436
2018	6	23	10	0	0	737234.4166666666	103.8440138512281	59.78108283929009
2018	6	24	10	0	0	737235.4166666666	103.8282231092966	59.7288498747436
2018	6	25	10	0	0	737236.4166666666	103.8246277020136	59.67354603202575
2018	6	26	10	0	0	737237.4166666666	103.8332279168373	59.61524944942615
2018	6	27	10	0	0	737238.4166666666	103.85401273947	59.55403570543076
2018	6	28	10	0	0	737239.4166666666	103.8869601783317	59.48997771019985
2018	6	29	10	0	0	737240.4166666666	103.9320375958553	59.42314560813534
2018	6	30	10	0	0	737241.4166666666	103.9892020443388	59.35360669141216
2018	7	1	10	0	0	737242.4166666666	104.0584006043808	59.28142532437999
2018	7	2	10	0	0	737243.4166666666	104.139570723856	59.20666287851447
2018	7	3	10	0	0	737244.4166666666	104.2326405559231	59.12937767787434
2018	7	4	10	0	0	737245.4166666666	104.3375292943523	59.04962495466713
2018	7	5	10	0	0	737246.4166666666	104.4541475049699	58.96745681479626
2018	7	6	10	0	0	737247.4166666666	104.5823974520131	58.88292221308541
2018	7	7	10	0	0	737248.4166666666	104.7221734182882	58.79606693783163
2018	7	8	10	0	0	737249.4166666666	104.8733620184476	58.70693360450915
2018	7	9	10	0	0	737250.4166666666	105.0358425045512	58.61556165823256
2018	7	10	10	0	0	737251.4166666666	105.2094870634062	58.52198738467025
2018	7	11	10	0	0	737252.4166666666	105.3941611054217	58.42624392928488
2018	7	12	10	0	0	737253.4166666666	105.5897235443796	58.32836132426726
2018	7	13	10	0	0	737254.4166666666	105.796027068208	58.22836652309137
2018	7	14	10	0	0	737255.4166666666	106.0129184007196	58.12628344241975
2018	7	15	10	0	0	737256.4166666666	106.2402385540946	58.02213301077646
2018	7	16	10	0	0	737257.4166666666	106.477823072545	57.91593322400828
2018	7	17	10	0	0	737258.4166666666	106.7255022670601	57.80769920690519
2018	7	18	10	0	0	737259.4166666666	106.9831014418679	57.69744328102927
2018	7	19	10	0	0	737260.4166666666	107.2504411126148	57.58517503815469
2018	7	20	10	0	0	737261.4166666666	107.527337216773	57.47090141909789
2018	7	21	10	0	0	737262.4166666666	107.8136013168381	57.35462679781046
2018	7	22	10	0	0	737263.4166666666	108.1090407965802	57.23635307020148
2018	7	23	10	0	0	737264.4166666666	108.4134590509649	57.1160797475795
2018	7	24	10	0	0	737265.4166666666	108.7266556702704	56.99380405435939
2018	7	25	10	0	0	737266.4166666666	109.0484266187728	56.86952102967466
2018	7	26	10	0	0	737267.4166666666	109.3785644088527	56.74322363287811
2018	7	27	10	0	0	737268.4166666666	109.7168582707388	56.61490285233297
2018	7	28	10	0	0	737269.4166666666	110.0630943185437	56.48454781734739
2018	7	29	10	0	0	737270.4166666666	110.4170557132507	56.35214591314192
2018	7	30	10	0	0	737271.4166666666	110.7785228229387	56.21768289825608
2018	7	31	10	0	0	737272.4166666666	111.1472733809188	56.0811430244399
2018	8	1	10	0	0	737273.4166666666	111.5230826421727	55.94250915853212
2018	8	2	10	0	0	737274.4166666666	111.9057235385049	55.80176290613366
2018	8	3	10	0	0	737275.4166666666	112.2949668329219	55.65888473688662
2018	8	4	10	0	0	737276.4166666666	112.690581273555	55.5138541109308
2018	8	5	10	0	0	737277.4166666666	113.0923337475333	55.36664960646717
2018	8	6	10	0	0	737278.4166666666	113.4999894349923	55.21724904796469
2018	8	7	10	0	0	737279.4166666666	113.9133119635739	55.06562963480901
2018	8	8	10	0	0	737280.4166666666	114.3320635637904	54.91176807032929
2018	8	9	10	0	0	737281.4166666666	114.7560052251598	54.75564069060753
2018	8	10	10	0	0	737282.4166666666	115.184896853381	54.59722359299974
2018	8	11	10	0	0	737283.4166666666	115.6184974288485	54.43649276423099
2018	8	12	10	0	0	737284.4166666666	116.0565651662288	54.27342420748851
2018	8	13	10	0	0	737285.4166666666	116.4988576753803	54.10799406859596
2018	8	14	10	0	0	737286.4166666666	116.9451321234935	53.94017876081969
2018	8	15	10	0	0	737287.4166666666	117.3951453983251	53.76995508808221
2018	8	16	10	0	0	737288.4166666666	117.8486542727075	53.5973003665441
2018	8	17	10	0	0	737289.4166666666	118.3054155697879	53.42219254404163
2018	8	18	10	0	0	737290.4166666666	118.7651863292079	53.244610317376
2018	8	19	10	0	0	737291.4166666666	119.2277239737272	53.06453324713517
2018	8	20	10	0	0	737292.4166666666	119.6927864762948	52.88194186989038
2018	8	21	10	0	0	737293.4166666666	120.1601325271531	52.69681780758162
2018	8	22	10	0	0	737294.4166666666	120.6295217007713	52.50914387387398
2018	8	23	10	0	0	737295.4166666666	121.1007146221604	52.31890417723822
2018	8	24	10	0	0	737296.4166666666	121.573473132529	52.12608422083825
2018	8	25	10	0	0	737297.4166666666	122.0475604536319	51.9306709987917
2018	8	26	10	0	0	737298.4166666666	122.5227413506376	51.73265308879988
2018	8	27	10	0	0	737299.4166666666	122.9987822930682	51.53202074100911
2018	8	28	10	0	0	737300.4166666666	123.47545161348	51.32876596294
2018	8	29	10	0	0	737301.4166666666	123.9525196636526	51.12288260055816
2018	8	30	10	0	0	737302.4166666666	124.429758967515	50.91436641502255
2018	8	31	10	0	0	737303.4166666666	124.9069443709636	50.70321515547446
2018	9	1	10	0	0	737304.4166666666	125.3838531877504	50.48942862745076
2018	9	2	10	0	0	737305.4166666666	125.8602653414848	50.27300875712758
2018	9	3	10	0	0	737306.4166666666	126.3359635031194	50.05395965115314
2018	9	4	10	0	0	737307.4166666666	126.8107332237362	49.8322876522241
2018	9	5	10	0	0	737308.4166666666	127.2843630622846	49.60800139016816
2018	9	6	10	0	0	737309.4166666666	127.7566447081047	49.38111182882643
2018	9	7	10	0	0	737310.4166666666	128.227373097827	49.15163230853762
2018	9	8	10	0	0	737311.4166666666	128.6963465264573	48.91957858422911
2018	9	9	10	0	0	737312.4166666666	129.1633667525192	48.68496885935183
2018	9	10	10	0	0	737313.4166666666	129.6282390970138	48.44782381550455
2018	9	11	10	0	0	737314.4166666666	130.090772535975	48.20816663790846
2018	9	12	10	0	0	737315.4166666666	130.5507797866765	47.96602303677688
2018	9	13	10	0	0	737316.4166666666	131.0080773871331	47.7214212646258
2018	9	14	10	0	0	737317.4166666666	131.4624857692052	47.47439212974152
2018	9	15	10	0	0	737318.4166666666	131.9138293247586	47.224969005612
2018	9	16	10	0	0	737319.4166666666	132.3619364653948	46.97318783678798
2018	9	17	10	0	0	737320.4166666666	132.8066396753861	46.7190871409836
2018	9	18	10	0	0	737321.4166666666	133.2477755581022	46.46270800771686
2018	9	19	10	0	0	737322.4166666666	133.6851848758234	46.20409409344953
2018	9	20	10	0	0	737323.4166666666	134.1187125831487	45.94329161347328
2018	9	21	10	0	0	737324.4166666666	134.5482078540495	45.68034933059264
2018	9	22	10	0	0	737325.4166666666	134.97352410288	45.41531854078342
2018	9	23	10	0	0	737326.4166666666	135.394518999211	45.14825305586648
2018	9	24	10	0	0	737327.4166666666	135.8110544769324	44.87920918339781
2018	9	25	10	0	0	737328.4166666666	136.2229967377658	44.60824570391262
2018	9	26	10	0	0	737329.4166666666	136.6302162492645	44.33542384552234
2018	9	27	10	0	0	737330.4166666666	137.0325877378289	44.06080725620556
2018	9	28	10	0	0	737331.4166666666	137.4299901765688	43.78446197363462
2018	9	29	10	0	0	737332.4166666666	137.8223067687436	43.50645639300412
2018	9	30	10	0	0	737333.4166666666	138.2094249265869	43.22686123255962
2018	10	1	10	0	0	737334.4166666666	138.5912362461841	42.94574949737657
2018	10	2	10	0	0	737335.4166666666	138.9676364783863	42.6631964411398
2018	10	3	10	0	0	737336.4166666666	139.3385254962585	42.37927952629931
2018	10	4	10	0	0	737337.4166666666	139.7038072590956	42.09407838244059
2018	10	5	10	0	0	737338.4166666666	140.0633897736448	41.8076747632574
2018	10	6	10	0	0	737339.4166666666	140.4171850524492	41.52015250195201
2018	10	7	10	0	0	737340.4166666666	140.7651090698297	41.23159746533708
2018	10	8	10	0	0	737341.4166666666	141.1070817157443	40.94209750662838
2018	10	9	10	0	0	737342.4166666666	141.4430267476872	40.65174241700912
2018	10	10	10	0	0	737343.4166666666	141.7728717410646	40.36062387607251
2018	10	11	10	0	0	737344.4166666666	142.0965480381296	40.06883540118081
2018	10	12	10	0	0	737345.4166666666	142.4139906958771	39.77647229580353
2018	10	13	10	0	0	737346.4166666666	142.7251384330465	39.4836315968783
2018	10	14	10	0	0	737347.4166666666	143.0299335765042	39.19041202128912
2018	10	15	10	0	0	737348.4166666666	143.3283220071941	38.89691391141302
2018	10	16	10	0	0	737349.4166666666	143.6202531059222	38.60323917989466
2018	10	17	10	0	0	737350.4166666666	143.9056796991142	38.30949125355691
2018	10	18	10	0	0	737351.4166666666	144.184558004764	38.0157750165694
2018	10	19	10	0	0	737352.4166666666	144.4568475787446	37.72219675286424
2018	10	20	10	0	0	737353.4166666666	144.7225112615998	37.42886408776906
2018	10	21	10	0	0	737354.4166666666	144.9815151260928	37.13588592900503
2018	10	22	10	0	0	737355.4166666666	145.2338284254111	36.84337240686683
2018	10	23	10	0	0	737356.4166666666	145.4794235424409	36.55143481379697
2018	10	24	10	0	0	737357.4166666666	145.7182759399357	36.2601855431884
2018	10	25	10	0	0	737358.4166666666	145.9503641118914	35.96973802752513
2018	10	26	10	0	0	737359.4166666666	146.1756695361206	35.68020667583551
2018	10	27	10	0	0	737360.4166666666	146.3941766280384	35.39170681038799
2018	10	28	10	0	0	737361.4166666666	146.6058726958106	35.10435460272088
2018	10	29	10	0	0	737362.4166666666	146.8107478968313	34.81826700892562
2018	10	30	10	0	0	737363.4166666666	147.0087951956906	34.5335617042459
2018	10	31	10	0	0	737364.4166666666	147.2000103233966	34.25035701687406
2018	11	1	10	0	0	737365.4166666666	147.3843917381901	33.96877186107696
2018	11	2	10	0	0	737366.4166666666	147.561940587568	33.68892566947878
2018	11	3	10	0	0	737367.4166666666	147.7326606719278	33.41093832467904
2018	11	4	10	0	0	737368.4166666666	147.8965584093175	33.1349300899731
2018	11	5	10	0	0	737369.4166666666	148.0536428017684	32.86102153942409
2018	11	6	10	0	0	737370.4166666666	148.2039254026411	32.58933348700808
2018	11	7	10	0	0	737371.4166666666	148.347420285408	32.31998691508377
2018	11	8	10	0	0	737372.4166666666	148.4841440134282	32.05310290196317
2018	11	9	10	0	0	737373.4166666666	148.6141156108208	31.78880254873323
2018	11	10	10	0	0	737374.4166666666	148.7373565343599	31.52720690528594
2018	11	11	10	0	0	737375.4166666666	148.8538906461892	31.2684368955052
2018	11	12	10	0	0	737376.4166666666	148.9637441874048	31.01261324175003
2018	11	13	10	0	0	737377.4166666666	149.0669457521781	30.75985638844786
2018	11	14	10	0	0	737378.4166666666	149.1635262625497	30.51028642503596
2018	11	15	10	0	0	737379.4166666666	149.2535189436334	30.26402300810705
2018	11	16	10	0	0	737380.4166666666	149.3369592991052	30.02118528285338
2018	11	17	10	0	0	737381.4166666666	149.4138850869097	29.78189180383828
2018	11	18	10	0	0	737382.4166666666	149.4843362949718	29.54626045507732
2018	11	19	10	0	0	737383.4166666666	149.54835511687	29.31440836955652
2018	11	20	10	0	0	737384.4166666666	149.605985927264	29.0864518481427
2018	11	21	10	0	0	737385.4166666666	149.6572752569295	28.86250627798278
2018	11	22	10	0	0	737386.4166666666	149.7022717673067	28.64268605044564
2018	11	23	10	0	0	737387.4166666666	149.741026224403	28.42710447864428
2018	11	24	10	0	0	737388.4166666666	149.7735914718798	28.21587371462773
2018	11	25	10	0	0	737389.4166666666	149.8000224031763	28.00910466627149
2018	11	26	10	0	0	737390.4166666666	149.8203759326279	27.80690691402937
2018	11	27	10	0	0	737391.4166666666	149.8347109652911	27.60938862751237
2018	11	28	10	0	0	737392.4166666666	149.8430883654316	27.41665648205597
2018	11	29	10	0	0	737393.4166666666	149.8455709235531	27.22881557535982
2018	11	30	10	0	0	737394.4166666666	149.8422233217799	27.04596934427834
2018	12	1	10	0	0	737395.4166666666	149.8331120975437	26.86821948187441
2018	12	2	10	0	0	737396.4166666666	149.8183056053543	26.69566585481466
2018	12	3	10	0	0	737397.4166666666	149.7978739767088	26.52840642128047
2018	12	4	10	0	0	737398.4166666666	149.7718890777892	26.36653714939143
2018	12	5	10	0	0	737399.4166666666	149.7404244651558	26.21015193641602
2018	12	6	10	0	0	737400.4166666666	149.7035553390878	26.05934252872527
2018	12	7	10	0	0	737401.4166666666	149.6613584946814	25.91419844275628
2018	12	8	10	0	0	737402.4166666666	149.6139122704417	25.7748068869578
2018	12	9	10	0	0	737403.4166666666	149.5612964945567	25.64125268501017
2018	12	10	10	0	0	737404.4166666666	149.5035924285889	25.51361820030556
2018	12	11	10	0	0	737405.4166666666	149.4408827086567	25.39198326189072
2018	12	12	10	0	0	737406.4166666666	149.3732512841385	25.27642509202155
2018	12	13	10	0	0	737407.4166666666	149.3007833535767	25.16701823529817
2018	12	14	10	0	0	737408.4166666666	149.2235652983419	25.06383448979241
2018	12	15	10	0	0	737409.4166666666	149.1416846134409	24.96694283998219
2018	12	16	10	0	0	737410.4166666666	149.0552298360633	24.87640939189601
2018	12	17	10	0	0	737411.4166666666	148.964290471287	24.79229731028318
2018	12	18	10	0	0	737412.4166666666	148.8689569156933	24.71466675827982
2018	12	19	10	0	0	737413.4166666666	148.7693203783669	24.64357483939491
2018	12	20	10	0	0	737414.4166666666	148.6654727996786	24.57907554208638
2018	12	21	10	0	0	737415.4166666666	148.5575067677773	24.52121968695896
2018	12	22	10	0	0	737416.4166666666	148.4455154330212	24.47005487674887
2018	12	23	10	0	0	737417.4166666666	148.3295924203041	24.42562544912135
2018	12	24	10	0	0	737418.4166666666	148.2098317395815	24.38797243246014
2018	12	25	10	0	0	737419.4166666666	148.0863276945337	24.3571335046436
2018	12	26	10	0	0	737420.4166666666	147.9591747896445	24.33314295495219
2018	12	27	10	0	0	737421.4166666666	147.828467635766	24.31603164914503
2018	12	28	10	0	0	737422.4166666666	147.6943008544064	24.30582699780836
2018	12	29	10	0	0	737423.4166666666	147.5567689808141	24.30255292798696
2018	12	30	10	0	0	737424.4166666666	147.4159663660939	24.30622985818741
2018	12	31	10	0	0	737425.4166666666	147.2719870785466	24.31687467679398
2019	1	1	10	0	0	737426.4166666666	147.1249248043101	24.33450072389044
